{
  "nbformat": 4,
  "nbformat_minor": 0,
  "metadata": {
    "colab": {
      "provenance": []
    },
    "kernelspec": {
      "name": "python3",
      "display_name": "Python 3"
    },
    "language_info": {
      "name": "python"
    }
  },
  "cells": [
    {
      "cell_type": "markdown",
      "source": [
        "*Problema TSP con algoritmos genéticos*"
      ],
      "metadata": {
        "id": "J2wcFctvtUO5"
      }
    },
    {
      "cell_type": "code",
      "source": [
        "import pandas as pd\n",
        "from geopy.distance import geodesic\n",
        "\n",
        "# Diccionario de coordenadas\n",
        "coordenadas = {\n",
        "    \"Ciudad de México\": (19.4326, -99.1332),\n",
        "    \"Quito\": (-0.1807, -78.4678),\n",
        "    \"Miami\": (25.7617, -80.1918),\n",
        "    \"San Salvador\": (13.6929, -89.2182),\n",
        "    \"Mendoza\": (-32.8895, -68.8458),\n",
        "    \"Guadalajara\": (20.6597, -103.3496),\n",
        "    \"Mérida\": (20.9674, -89.5926),\n",
        "    \"Washington D.C.\": (38.9072, -77.0369),\n",
        "    \"Monterrey\": (25.6866, -100.3161),\n",
        "    \"Managua\": (12.1150, -86.2362),\n",
        "    \"Caracas\": (10.4806, -66.9036),\n",
        "    \"Boston\": (42.3601, -71.0589),\n",
        "    \"Buenos Aires\": (-34.6037, -58.3816),\n",
        "    \"Nueva York\": (40.7128, -74.0060),\n",
        "    \"Ciudad de Panamá\": (8.9824, -79.5199),\n",
        "    \"Brasilia\": (-15.8267, -47.9218),\n",
        "    \"Montevideo\": (-34.9011, -56.1645),\n",
        "    \"Bogotá\": (4.7110, -74.0721),\n",
        "}\n",
        "\n",
        "# Distancias geodésicas\n",
        "archivo = pd.DataFrame(index=coordenadas.keys(), columns=coordenadas.keys())\n",
        "\n",
        "# Calcular las distancias geodésicas\n",
        "for ciudad1, coord1 in coordenadas.items():\n",
        "    for ciudad2, coord2 in coordenadas.items():\n",
        "        if ciudad1 == ciudad2:\n",
        "            archivo.loc[ciudad1, ciudad2] = 0\n",
        "        else:\n",
        "            distancia = geodesic(coord1, coord2).kilometers\n",
        "            archivo.loc[ciudad1, ciudad2] = round(distancia, 2)\n",
        "\n",
        "archivo.to_excel(\"distancias_ciudades.xlsx\")"
      ],
      "metadata": {
        "id": "6uT94NwqyZCd"
      },
      "execution_count": 20,
      "outputs": []
    },
    {
      "cell_type": "code",
      "source": [
        "# Librerías\n",
        "import numpy as np\n",
        "import pandas as pd\n",
        "import random\n",
        "import matplotlib.pyplot as plt\n",
        "from itertools import permutations"
      ],
      "metadata": {
        "id": "DpV4vL60vb61"
      },
      "execution_count": 21,
      "outputs": []
    },
    {
      "cell_type": "code",
      "source": [
        "# Cargar archivo de distancias\n",
        "df = pd.read_excel('/content/distancias_ciudades.xlsx', index_col=0)\n",
        "ciudades = list(df.columns)  # Obtener nombres de ciudades y codificar\n",
        "num_ciudades = len(ciudades)\n",
        "ciudades_indices = list(range(num_ciudades))"
      ],
      "metadata": {
        "id": "e4AGO55bugjz"
      },
      "execution_count": 22,
      "outputs": []
    },
    {
      "cell_type": "code",
      "source": [
        "ciudades"
      ],
      "metadata": {
        "colab": {
          "base_uri": "https://localhost:8080/"
        },
        "id": "lCwfsBbiXNin",
        "outputId": "f45dd7b6-43b7-43ab-d417-889ad399e420"
      },
      "execution_count": 23,
      "outputs": [
        {
          "output_type": "execute_result",
          "data": {
            "text/plain": [
              "['Ciudad de México',\n",
              " 'Quito',\n",
              " 'Miami',\n",
              " 'San Salvador',\n",
              " 'Mendoza',\n",
              " 'Guadalajara',\n",
              " 'Mérida',\n",
              " 'Washington D.C.',\n",
              " 'Monterrey',\n",
              " 'Managua',\n",
              " 'Caracas',\n",
              " 'Boston',\n",
              " 'Buenos Aires',\n",
              " 'Nueva York',\n",
              " 'Ciudad de Panamá',\n",
              " 'Brasilia',\n",
              " 'Montevideo',\n",
              " 'Bogotá']"
            ]
          },
          "metadata": {},
          "execution_count": 23
        }
      ]
    },
    {
      "cell_type": "code",
      "source": [
        "df"
      ],
      "metadata": {
        "colab": {
          "base_uri": "https://localhost:8080/",
          "height": 755
        },
        "id": "gVHV-ENUUlCM",
        "outputId": "aac6c8d3-8061-46a0-b609-99fdf65ef816"
      },
      "execution_count": 24,
      "outputs": [
        {
          "output_type": "execute_result",
          "data": {
            "text/plain": [
              "                  Ciudad de México    Quito    Miami  San Salvador  Mendoza  \\\n",
              "Ciudad de México              0.00  3129.83  2067.24       1233.65  6626.35   \n",
              "Quito                      3129.83     0.00  2876.39       1938.94  3758.50   \n",
              "Miami                      2067.24  2876.39     0.00       1635.72  6601.43   \n",
              "San Salvador               1233.65  1938.94  1635.72          0.00  5591.90   \n",
              "Mendoza                    6626.35  3758.50  6601.43       5591.90     0.00   \n",
              "Guadalajara                 461.53  3556.97  2433.25       1688.21  6969.90   \n",
              "Mérida                     1011.33  2634.08  1097.56        806.08  6355.34   \n",
              "Washington D.C.            3029.79  4330.65  1487.43       3040.13  7993.68   \n",
              "Monterrey                   703.15  3702.22  2017.52       1763.41  7290.44   \n",
              "Managua                    1600.53  1608.07  1638.51        367.69  5312.39   \n",
              "Caracas                    3598.58  1740.42  2195.97       2454.16  4803.94   \n",
              "Boston                     3664.18  4769.88  2022.02       3626.74  8335.20   \n",
              "Buenos Aires               7372.63  4346.62  7066.44       6261.04   987.57   \n",
              "Nueva York                 3357.70  4551.13  1754.35       3340.41  8166.42   \n",
              "Ciudad de Panamá           2408.55  1019.98  1858.49       1179.62  4770.19   \n",
              "Brasilia                   6828.88  3775.49  5778.71       5595.88  2831.46   \n",
              "Montevideo                 7535.67  4488.76  7176.18       6411.72  1193.15   \n",
              "Bogotá                     3169.42   729.04  2419.27       1936.74  4197.89   \n",
              "\n",
              "                  Guadalajara   Mérida  Washington D.C.  Monterrey  Managua  \\\n",
              "Ciudad de México       461.53  1011.33          3029.79     703.15  1600.53   \n",
              "Quito                 3556.97  2634.08          4330.65    3702.22  1608.07   \n",
              "Miami                 2433.25  1097.56          1487.43    2017.52  1638.51   \n",
              "San Salvador          1688.21   806.08          3040.13    1763.41   367.69   \n",
              "Mendoza               6969.90  6355.34          7993.68    7290.44  5312.39   \n",
              "Guadalajara              0.00  1432.06          3229.14     637.42  2055.85   \n",
              "Mérida                1432.06     0.00          2323.57    1214.24  1042.96   \n",
              "Washington D.C.       3229.14  2323.57             0.00    2625.01  3104.80   \n",
              "Monterrey              637.42  1214.24          2625.01       0.00  2107.67   \n",
              "Managua               2055.85  1042.96          3104.80    2107.67     0.00   \n",
              "Caracas               4057.37  2689.64          3306.49    3899.95  2117.93   \n",
              "Boston                3858.37  2937.95           634.38    3247.93  3660.08   \n",
              "Buenos Aires          7747.76  6980.70          8362.93    8005.98  5949.37   \n",
              "Nueva York            3554.49  2639.40           327.91    2946.90  3387.47   \n",
              "Ciudad de Panamá      2866.17  1710.90          3324.17    2873.14   812.57   \n",
              "Brasilia              7278.31  6106.37          6775.08    7300.91  5230.52   \n",
              "Montevideo            7916.24  7121.60          8450.00    8162.25  6094.87   \n",
              "Bogotá                3624.94  2459.78          3799.11    3636.10  1569.19   \n",
              "\n",
              "                  Caracas   Boston  Buenos Aires  Nueva York  \\\n",
              "Ciudad de México  3598.58  3664.18       7372.63     3357.70   \n",
              "Quito             1740.42  4769.88       4346.62     4551.13   \n",
              "Miami             2195.97  2022.02       7066.44     1754.35   \n",
              "San Salvador      2454.16  3626.74       6261.04     3340.41   \n",
              "Mendoza           4803.94  8335.20        987.57     8166.42   \n",
              "Guadalajara       4057.37  3858.37       7747.76     3554.49   \n",
              "Mérida            2689.64  2937.95       6980.70     2639.40   \n",
              "Washington D.C.   3306.49   634.38       8362.93      327.91   \n",
              "Monterrey         3899.95  3247.93       8005.98     2946.90   \n",
              "Managua           2117.93  3660.08       5949.37     3387.47   \n",
              "Caracas              0.00  3555.76       5070.14     3421.84   \n",
              "Boston            3555.76     0.00       8619.76      306.49   \n",
              "Buenos Aires      5070.14  8619.76          0.00     8491.79   \n",
              "Nueva York        3421.84   306.49       8491.79        0.00   \n",
              "Ciudad de Panamá  1394.12  3789.97       5313.80     3557.42   \n",
              "Brasilia          3583.52  6865.45       2328.29     6815.07   \n",
              "Montevideo        5148.77  8688.91        205.66     8569.61   \n",
              "Bogotá            1016.03  4181.39       4652.60     3987.76   \n",
              "\n",
              "                  Ciudad de Panamá  Brasilia  Montevideo   Bogotá  \n",
              "Ciudad de México           2408.55   6828.88     7535.67  3169.42  \n",
              "Quito                      1019.98   3775.49     4488.76   729.04  \n",
              "Miami                      1858.49   5778.71     7176.18  2419.27  \n",
              "San Salvador               1179.62   5595.88     6411.72  1936.74  \n",
              "Mendoza                    4770.19   2831.46     1193.15  4197.89  \n",
              "Guadalajara                2866.17   7278.31     7916.24  3624.94  \n",
              "Mérida                     1710.90   6106.37     7121.60  2459.78  \n",
              "Washington D.C.            3324.17   6775.08     8450.00  3799.11  \n",
              "Monterrey                  2873.14   7300.91     8162.25  3636.10  \n",
              "Managua                     812.57   5230.52     6094.87  1569.19  \n",
              "Caracas                    1394.12   3583.52     5148.77  1016.03  \n",
              "Boston                     3789.97   6865.45     8688.91  4181.39  \n",
              "Buenos Aires               5313.80   2328.29      205.66  4652.60  \n",
              "Nueva York                 3557.42   6815.07     8569.61  3987.76  \n",
              "Ciudad de Panamá              0.00   4434.06     5444.05   765.21  \n",
              "Brasilia                   4434.06      0.00     2267.78  3668.87  \n",
              "Montevideo                 5444.05   2267.78        0.00  4769.30  \n",
              "Bogotá                      765.21   3668.87     4769.30     0.00  "
            ],
            "text/html": [
              "\n",
              "  <div id=\"df-2f4340e8-6023-4e37-878b-06afa940ddb5\" class=\"colab-df-container\">\n",
              "    <div>\n",
              "<style scoped>\n",
              "    .dataframe tbody tr th:only-of-type {\n",
              "        vertical-align: middle;\n",
              "    }\n",
              "\n",
              "    .dataframe tbody tr th {\n",
              "        vertical-align: top;\n",
              "    }\n",
              "\n",
              "    .dataframe thead th {\n",
              "        text-align: right;\n",
              "    }\n",
              "</style>\n",
              "<table border=\"1\" class=\"dataframe\">\n",
              "  <thead>\n",
              "    <tr style=\"text-align: right;\">\n",
              "      <th></th>\n",
              "      <th>Ciudad de México</th>\n",
              "      <th>Quito</th>\n",
              "      <th>Miami</th>\n",
              "      <th>San Salvador</th>\n",
              "      <th>Mendoza</th>\n",
              "      <th>Guadalajara</th>\n",
              "      <th>Mérida</th>\n",
              "      <th>Washington D.C.</th>\n",
              "      <th>Monterrey</th>\n",
              "      <th>Managua</th>\n",
              "      <th>Caracas</th>\n",
              "      <th>Boston</th>\n",
              "      <th>Buenos Aires</th>\n",
              "      <th>Nueva York</th>\n",
              "      <th>Ciudad de Panamá</th>\n",
              "      <th>Brasilia</th>\n",
              "      <th>Montevideo</th>\n",
              "      <th>Bogotá</th>\n",
              "    </tr>\n",
              "  </thead>\n",
              "  <tbody>\n",
              "    <tr>\n",
              "      <th>Ciudad de México</th>\n",
              "      <td>0.00</td>\n",
              "      <td>3129.83</td>\n",
              "      <td>2067.24</td>\n",
              "      <td>1233.65</td>\n",
              "      <td>6626.35</td>\n",
              "      <td>461.53</td>\n",
              "      <td>1011.33</td>\n",
              "      <td>3029.79</td>\n",
              "      <td>703.15</td>\n",
              "      <td>1600.53</td>\n",
              "      <td>3598.58</td>\n",
              "      <td>3664.18</td>\n",
              "      <td>7372.63</td>\n",
              "      <td>3357.70</td>\n",
              "      <td>2408.55</td>\n",
              "      <td>6828.88</td>\n",
              "      <td>7535.67</td>\n",
              "      <td>3169.42</td>\n",
              "    </tr>\n",
              "    <tr>\n",
              "      <th>Quito</th>\n",
              "      <td>3129.83</td>\n",
              "      <td>0.00</td>\n",
              "      <td>2876.39</td>\n",
              "      <td>1938.94</td>\n",
              "      <td>3758.50</td>\n",
              "      <td>3556.97</td>\n",
              "      <td>2634.08</td>\n",
              "      <td>4330.65</td>\n",
              "      <td>3702.22</td>\n",
              "      <td>1608.07</td>\n",
              "      <td>1740.42</td>\n",
              "      <td>4769.88</td>\n",
              "      <td>4346.62</td>\n",
              "      <td>4551.13</td>\n",
              "      <td>1019.98</td>\n",
              "      <td>3775.49</td>\n",
              "      <td>4488.76</td>\n",
              "      <td>729.04</td>\n",
              "    </tr>\n",
              "    <tr>\n",
              "      <th>Miami</th>\n",
              "      <td>2067.24</td>\n",
              "      <td>2876.39</td>\n",
              "      <td>0.00</td>\n",
              "      <td>1635.72</td>\n",
              "      <td>6601.43</td>\n",
              "      <td>2433.25</td>\n",
              "      <td>1097.56</td>\n",
              "      <td>1487.43</td>\n",
              "      <td>2017.52</td>\n",
              "      <td>1638.51</td>\n",
              "      <td>2195.97</td>\n",
              "      <td>2022.02</td>\n",
              "      <td>7066.44</td>\n",
              "      <td>1754.35</td>\n",
              "      <td>1858.49</td>\n",
              "      <td>5778.71</td>\n",
              "      <td>7176.18</td>\n",
              "      <td>2419.27</td>\n",
              "    </tr>\n",
              "    <tr>\n",
              "      <th>San Salvador</th>\n",
              "      <td>1233.65</td>\n",
              "      <td>1938.94</td>\n",
              "      <td>1635.72</td>\n",
              "      <td>0.00</td>\n",
              "      <td>5591.90</td>\n",
              "      <td>1688.21</td>\n",
              "      <td>806.08</td>\n",
              "      <td>3040.13</td>\n",
              "      <td>1763.41</td>\n",
              "      <td>367.69</td>\n",
              "      <td>2454.16</td>\n",
              "      <td>3626.74</td>\n",
              "      <td>6261.04</td>\n",
              "      <td>3340.41</td>\n",
              "      <td>1179.62</td>\n",
              "      <td>5595.88</td>\n",
              "      <td>6411.72</td>\n",
              "      <td>1936.74</td>\n",
              "    </tr>\n",
              "    <tr>\n",
              "      <th>Mendoza</th>\n",
              "      <td>6626.35</td>\n",
              "      <td>3758.50</td>\n",
              "      <td>6601.43</td>\n",
              "      <td>5591.90</td>\n",
              "      <td>0.00</td>\n",
              "      <td>6969.90</td>\n",
              "      <td>6355.34</td>\n",
              "      <td>7993.68</td>\n",
              "      <td>7290.44</td>\n",
              "      <td>5312.39</td>\n",
              "      <td>4803.94</td>\n",
              "      <td>8335.20</td>\n",
              "      <td>987.57</td>\n",
              "      <td>8166.42</td>\n",
              "      <td>4770.19</td>\n",
              "      <td>2831.46</td>\n",
              "      <td>1193.15</td>\n",
              "      <td>4197.89</td>\n",
              "    </tr>\n",
              "    <tr>\n",
              "      <th>Guadalajara</th>\n",
              "      <td>461.53</td>\n",
              "      <td>3556.97</td>\n",
              "      <td>2433.25</td>\n",
              "      <td>1688.21</td>\n",
              "      <td>6969.90</td>\n",
              "      <td>0.00</td>\n",
              "      <td>1432.06</td>\n",
              "      <td>3229.14</td>\n",
              "      <td>637.42</td>\n",
              "      <td>2055.85</td>\n",
              "      <td>4057.37</td>\n",
              "      <td>3858.37</td>\n",
              "      <td>7747.76</td>\n",
              "      <td>3554.49</td>\n",
              "      <td>2866.17</td>\n",
              "      <td>7278.31</td>\n",
              "      <td>7916.24</td>\n",
              "      <td>3624.94</td>\n",
              "    </tr>\n",
              "    <tr>\n",
              "      <th>Mérida</th>\n",
              "      <td>1011.33</td>\n",
              "      <td>2634.08</td>\n",
              "      <td>1097.56</td>\n",
              "      <td>806.08</td>\n",
              "      <td>6355.34</td>\n",
              "      <td>1432.06</td>\n",
              "      <td>0.00</td>\n",
              "      <td>2323.57</td>\n",
              "      <td>1214.24</td>\n",
              "      <td>1042.96</td>\n",
              "      <td>2689.64</td>\n",
              "      <td>2937.95</td>\n",
              "      <td>6980.70</td>\n",
              "      <td>2639.40</td>\n",
              "      <td>1710.90</td>\n",
              "      <td>6106.37</td>\n",
              "      <td>7121.60</td>\n",
              "      <td>2459.78</td>\n",
              "    </tr>\n",
              "    <tr>\n",
              "      <th>Washington D.C.</th>\n",
              "      <td>3029.79</td>\n",
              "      <td>4330.65</td>\n",
              "      <td>1487.43</td>\n",
              "      <td>3040.13</td>\n",
              "      <td>7993.68</td>\n",
              "      <td>3229.14</td>\n",
              "      <td>2323.57</td>\n",
              "      <td>0.00</td>\n",
              "      <td>2625.01</td>\n",
              "      <td>3104.80</td>\n",
              "      <td>3306.49</td>\n",
              "      <td>634.38</td>\n",
              "      <td>8362.93</td>\n",
              "      <td>327.91</td>\n",
              "      <td>3324.17</td>\n",
              "      <td>6775.08</td>\n",
              "      <td>8450.00</td>\n",
              "      <td>3799.11</td>\n",
              "    </tr>\n",
              "    <tr>\n",
              "      <th>Monterrey</th>\n",
              "      <td>703.15</td>\n",
              "      <td>3702.22</td>\n",
              "      <td>2017.52</td>\n",
              "      <td>1763.41</td>\n",
              "      <td>7290.44</td>\n",
              "      <td>637.42</td>\n",
              "      <td>1214.24</td>\n",
              "      <td>2625.01</td>\n",
              "      <td>0.00</td>\n",
              "      <td>2107.67</td>\n",
              "      <td>3899.95</td>\n",
              "      <td>3247.93</td>\n",
              "      <td>8005.98</td>\n",
              "      <td>2946.90</td>\n",
              "      <td>2873.14</td>\n",
              "      <td>7300.91</td>\n",
              "      <td>8162.25</td>\n",
              "      <td>3636.10</td>\n",
              "    </tr>\n",
              "    <tr>\n",
              "      <th>Managua</th>\n",
              "      <td>1600.53</td>\n",
              "      <td>1608.07</td>\n",
              "      <td>1638.51</td>\n",
              "      <td>367.69</td>\n",
              "      <td>5312.39</td>\n",
              "      <td>2055.85</td>\n",
              "      <td>1042.96</td>\n",
              "      <td>3104.80</td>\n",
              "      <td>2107.67</td>\n",
              "      <td>0.00</td>\n",
              "      <td>2117.93</td>\n",
              "      <td>3660.08</td>\n",
              "      <td>5949.37</td>\n",
              "      <td>3387.47</td>\n",
              "      <td>812.57</td>\n",
              "      <td>5230.52</td>\n",
              "      <td>6094.87</td>\n",
              "      <td>1569.19</td>\n",
              "    </tr>\n",
              "    <tr>\n",
              "      <th>Caracas</th>\n",
              "      <td>3598.58</td>\n",
              "      <td>1740.42</td>\n",
              "      <td>2195.97</td>\n",
              "      <td>2454.16</td>\n",
              "      <td>4803.94</td>\n",
              "      <td>4057.37</td>\n",
              "      <td>2689.64</td>\n",
              "      <td>3306.49</td>\n",
              "      <td>3899.95</td>\n",
              "      <td>2117.93</td>\n",
              "      <td>0.00</td>\n",
              "      <td>3555.76</td>\n",
              "      <td>5070.14</td>\n",
              "      <td>3421.84</td>\n",
              "      <td>1394.12</td>\n",
              "      <td>3583.52</td>\n",
              "      <td>5148.77</td>\n",
              "      <td>1016.03</td>\n",
              "    </tr>\n",
              "    <tr>\n",
              "      <th>Boston</th>\n",
              "      <td>3664.18</td>\n",
              "      <td>4769.88</td>\n",
              "      <td>2022.02</td>\n",
              "      <td>3626.74</td>\n",
              "      <td>8335.20</td>\n",
              "      <td>3858.37</td>\n",
              "      <td>2937.95</td>\n",
              "      <td>634.38</td>\n",
              "      <td>3247.93</td>\n",
              "      <td>3660.08</td>\n",
              "      <td>3555.76</td>\n",
              "      <td>0.00</td>\n",
              "      <td>8619.76</td>\n",
              "      <td>306.49</td>\n",
              "      <td>3789.97</td>\n",
              "      <td>6865.45</td>\n",
              "      <td>8688.91</td>\n",
              "      <td>4181.39</td>\n",
              "    </tr>\n",
              "    <tr>\n",
              "      <th>Buenos Aires</th>\n",
              "      <td>7372.63</td>\n",
              "      <td>4346.62</td>\n",
              "      <td>7066.44</td>\n",
              "      <td>6261.04</td>\n",
              "      <td>987.57</td>\n",
              "      <td>7747.76</td>\n",
              "      <td>6980.70</td>\n",
              "      <td>8362.93</td>\n",
              "      <td>8005.98</td>\n",
              "      <td>5949.37</td>\n",
              "      <td>5070.14</td>\n",
              "      <td>8619.76</td>\n",
              "      <td>0.00</td>\n",
              "      <td>8491.79</td>\n",
              "      <td>5313.80</td>\n",
              "      <td>2328.29</td>\n",
              "      <td>205.66</td>\n",
              "      <td>4652.60</td>\n",
              "    </tr>\n",
              "    <tr>\n",
              "      <th>Nueva York</th>\n",
              "      <td>3357.70</td>\n",
              "      <td>4551.13</td>\n",
              "      <td>1754.35</td>\n",
              "      <td>3340.41</td>\n",
              "      <td>8166.42</td>\n",
              "      <td>3554.49</td>\n",
              "      <td>2639.40</td>\n",
              "      <td>327.91</td>\n",
              "      <td>2946.90</td>\n",
              "      <td>3387.47</td>\n",
              "      <td>3421.84</td>\n",
              "      <td>306.49</td>\n",
              "      <td>8491.79</td>\n",
              "      <td>0.00</td>\n",
              "      <td>3557.42</td>\n",
              "      <td>6815.07</td>\n",
              "      <td>8569.61</td>\n",
              "      <td>3987.76</td>\n",
              "    </tr>\n",
              "    <tr>\n",
              "      <th>Ciudad de Panamá</th>\n",
              "      <td>2408.55</td>\n",
              "      <td>1019.98</td>\n",
              "      <td>1858.49</td>\n",
              "      <td>1179.62</td>\n",
              "      <td>4770.19</td>\n",
              "      <td>2866.17</td>\n",
              "      <td>1710.90</td>\n",
              "      <td>3324.17</td>\n",
              "      <td>2873.14</td>\n",
              "      <td>812.57</td>\n",
              "      <td>1394.12</td>\n",
              "      <td>3789.97</td>\n",
              "      <td>5313.80</td>\n",
              "      <td>3557.42</td>\n",
              "      <td>0.00</td>\n",
              "      <td>4434.06</td>\n",
              "      <td>5444.05</td>\n",
              "      <td>765.21</td>\n",
              "    </tr>\n",
              "    <tr>\n",
              "      <th>Brasilia</th>\n",
              "      <td>6828.88</td>\n",
              "      <td>3775.49</td>\n",
              "      <td>5778.71</td>\n",
              "      <td>5595.88</td>\n",
              "      <td>2831.46</td>\n",
              "      <td>7278.31</td>\n",
              "      <td>6106.37</td>\n",
              "      <td>6775.08</td>\n",
              "      <td>7300.91</td>\n",
              "      <td>5230.52</td>\n",
              "      <td>3583.52</td>\n",
              "      <td>6865.45</td>\n",
              "      <td>2328.29</td>\n",
              "      <td>6815.07</td>\n",
              "      <td>4434.06</td>\n",
              "      <td>0.00</td>\n",
              "      <td>2267.78</td>\n",
              "      <td>3668.87</td>\n",
              "    </tr>\n",
              "    <tr>\n",
              "      <th>Montevideo</th>\n",
              "      <td>7535.67</td>\n",
              "      <td>4488.76</td>\n",
              "      <td>7176.18</td>\n",
              "      <td>6411.72</td>\n",
              "      <td>1193.15</td>\n",
              "      <td>7916.24</td>\n",
              "      <td>7121.60</td>\n",
              "      <td>8450.00</td>\n",
              "      <td>8162.25</td>\n",
              "      <td>6094.87</td>\n",
              "      <td>5148.77</td>\n",
              "      <td>8688.91</td>\n",
              "      <td>205.66</td>\n",
              "      <td>8569.61</td>\n",
              "      <td>5444.05</td>\n",
              "      <td>2267.78</td>\n",
              "      <td>0.00</td>\n",
              "      <td>4769.30</td>\n",
              "    </tr>\n",
              "    <tr>\n",
              "      <th>Bogotá</th>\n",
              "      <td>3169.42</td>\n",
              "      <td>729.04</td>\n",
              "      <td>2419.27</td>\n",
              "      <td>1936.74</td>\n",
              "      <td>4197.89</td>\n",
              "      <td>3624.94</td>\n",
              "      <td>2459.78</td>\n",
              "      <td>3799.11</td>\n",
              "      <td>3636.10</td>\n",
              "      <td>1569.19</td>\n",
              "      <td>1016.03</td>\n",
              "      <td>4181.39</td>\n",
              "      <td>4652.60</td>\n",
              "      <td>3987.76</td>\n",
              "      <td>765.21</td>\n",
              "      <td>3668.87</td>\n",
              "      <td>4769.30</td>\n",
              "      <td>0.00</td>\n",
              "    </tr>\n",
              "  </tbody>\n",
              "</table>\n",
              "</div>\n",
              "    <div class=\"colab-df-buttons\">\n",
              "\n",
              "  <div class=\"colab-df-container\">\n",
              "    <button class=\"colab-df-convert\" onclick=\"convertToInteractive('df-2f4340e8-6023-4e37-878b-06afa940ddb5')\"\n",
              "            title=\"Convert this dataframe to an interactive table.\"\n",
              "            style=\"display:none;\">\n",
              "\n",
              "  <svg xmlns=\"http://www.w3.org/2000/svg\" height=\"24px\" viewBox=\"0 -960 960 960\">\n",
              "    <path d=\"M120-120v-720h720v720H120Zm60-500h600v-160H180v160Zm220 220h160v-160H400v160Zm0 220h160v-160H400v160ZM180-400h160v-160H180v160Zm440 0h160v-160H620v160ZM180-180h160v-160H180v160Zm440 0h160v-160H620v160Z\"/>\n",
              "  </svg>\n",
              "    </button>\n",
              "\n",
              "  <style>\n",
              "    .colab-df-container {\n",
              "      display:flex;\n",
              "      gap: 12px;\n",
              "    }\n",
              "\n",
              "    .colab-df-convert {\n",
              "      background-color: #E8F0FE;\n",
              "      border: none;\n",
              "      border-radius: 50%;\n",
              "      cursor: pointer;\n",
              "      display: none;\n",
              "      fill: #1967D2;\n",
              "      height: 32px;\n",
              "      padding: 0 0 0 0;\n",
              "      width: 32px;\n",
              "    }\n",
              "\n",
              "    .colab-df-convert:hover {\n",
              "      background-color: #E2EBFA;\n",
              "      box-shadow: 0px 1px 2px rgba(60, 64, 67, 0.3), 0px 1px 3px 1px rgba(60, 64, 67, 0.15);\n",
              "      fill: #174EA6;\n",
              "    }\n",
              "\n",
              "    .colab-df-buttons div {\n",
              "      margin-bottom: 4px;\n",
              "    }\n",
              "\n",
              "    [theme=dark] .colab-df-convert {\n",
              "      background-color: #3B4455;\n",
              "      fill: #D2E3FC;\n",
              "    }\n",
              "\n",
              "    [theme=dark] .colab-df-convert:hover {\n",
              "      background-color: #434B5C;\n",
              "      box-shadow: 0px 1px 3px 1px rgba(0, 0, 0, 0.15);\n",
              "      filter: drop-shadow(0px 1px 2px rgba(0, 0, 0, 0.3));\n",
              "      fill: #FFFFFF;\n",
              "    }\n",
              "  </style>\n",
              "\n",
              "    <script>\n",
              "      const buttonEl =\n",
              "        document.querySelector('#df-2f4340e8-6023-4e37-878b-06afa940ddb5 button.colab-df-convert');\n",
              "      buttonEl.style.display =\n",
              "        google.colab.kernel.accessAllowed ? 'block' : 'none';\n",
              "\n",
              "      async function convertToInteractive(key) {\n",
              "        const element = document.querySelector('#df-2f4340e8-6023-4e37-878b-06afa940ddb5');\n",
              "        const dataTable =\n",
              "          await google.colab.kernel.invokeFunction('convertToInteractive',\n",
              "                                                    [key], {});\n",
              "        if (!dataTable) return;\n",
              "\n",
              "        const docLinkHtml = 'Like what you see? Visit the ' +\n",
              "          '<a target=\"_blank\" href=https://colab.research.google.com/notebooks/data_table.ipynb>data table notebook</a>'\n",
              "          + ' to learn more about interactive tables.';\n",
              "        element.innerHTML = '';\n",
              "        dataTable['output_type'] = 'display_data';\n",
              "        await google.colab.output.renderOutput(dataTable, element);\n",
              "        const docLink = document.createElement('div');\n",
              "        docLink.innerHTML = docLinkHtml;\n",
              "        element.appendChild(docLink);\n",
              "      }\n",
              "    </script>\n",
              "  </div>\n",
              "\n",
              "\n",
              "<div id=\"df-3651a8ee-e490-4238-8e2c-c95d40fe794e\">\n",
              "  <button class=\"colab-df-quickchart\" onclick=\"quickchart('df-3651a8ee-e490-4238-8e2c-c95d40fe794e')\"\n",
              "            title=\"Suggest charts\"\n",
              "            style=\"display:none;\">\n",
              "\n",
              "<svg xmlns=\"http://www.w3.org/2000/svg\" height=\"24px\"viewBox=\"0 0 24 24\"\n",
              "     width=\"24px\">\n",
              "    <g>\n",
              "        <path d=\"M19 3H5c-1.1 0-2 .9-2 2v14c0 1.1.9 2 2 2h14c1.1 0 2-.9 2-2V5c0-1.1-.9-2-2-2zM9 17H7v-7h2v7zm4 0h-2V7h2v10zm4 0h-2v-4h2v4z\"/>\n",
              "    </g>\n",
              "</svg>\n",
              "  </button>\n",
              "\n",
              "<style>\n",
              "  .colab-df-quickchart {\n",
              "      --bg-color: #E8F0FE;\n",
              "      --fill-color: #1967D2;\n",
              "      --hover-bg-color: #E2EBFA;\n",
              "      --hover-fill-color: #174EA6;\n",
              "      --disabled-fill-color: #AAA;\n",
              "      --disabled-bg-color: #DDD;\n",
              "  }\n",
              "\n",
              "  [theme=dark] .colab-df-quickchart {\n",
              "      --bg-color: #3B4455;\n",
              "      --fill-color: #D2E3FC;\n",
              "      --hover-bg-color: #434B5C;\n",
              "      --hover-fill-color: #FFFFFF;\n",
              "      --disabled-bg-color: #3B4455;\n",
              "      --disabled-fill-color: #666;\n",
              "  }\n",
              "\n",
              "  .colab-df-quickchart {\n",
              "    background-color: var(--bg-color);\n",
              "    border: none;\n",
              "    border-radius: 50%;\n",
              "    cursor: pointer;\n",
              "    display: none;\n",
              "    fill: var(--fill-color);\n",
              "    height: 32px;\n",
              "    padding: 0;\n",
              "    width: 32px;\n",
              "  }\n",
              "\n",
              "  .colab-df-quickchart:hover {\n",
              "    background-color: var(--hover-bg-color);\n",
              "    box-shadow: 0 1px 2px rgba(60, 64, 67, 0.3), 0 1px 3px 1px rgba(60, 64, 67, 0.15);\n",
              "    fill: var(--button-hover-fill-color);\n",
              "  }\n",
              "\n",
              "  .colab-df-quickchart-complete:disabled,\n",
              "  .colab-df-quickchart-complete:disabled:hover {\n",
              "    background-color: var(--disabled-bg-color);\n",
              "    fill: var(--disabled-fill-color);\n",
              "    box-shadow: none;\n",
              "  }\n",
              "\n",
              "  .colab-df-spinner {\n",
              "    border: 2px solid var(--fill-color);\n",
              "    border-color: transparent;\n",
              "    border-bottom-color: var(--fill-color);\n",
              "    animation:\n",
              "      spin 1s steps(1) infinite;\n",
              "  }\n",
              "\n",
              "  @keyframes spin {\n",
              "    0% {\n",
              "      border-color: transparent;\n",
              "      border-bottom-color: var(--fill-color);\n",
              "      border-left-color: var(--fill-color);\n",
              "    }\n",
              "    20% {\n",
              "      border-color: transparent;\n",
              "      border-left-color: var(--fill-color);\n",
              "      border-top-color: var(--fill-color);\n",
              "    }\n",
              "    30% {\n",
              "      border-color: transparent;\n",
              "      border-left-color: var(--fill-color);\n",
              "      border-top-color: var(--fill-color);\n",
              "      border-right-color: var(--fill-color);\n",
              "    }\n",
              "    40% {\n",
              "      border-color: transparent;\n",
              "      border-right-color: var(--fill-color);\n",
              "      border-top-color: var(--fill-color);\n",
              "    }\n",
              "    60% {\n",
              "      border-color: transparent;\n",
              "      border-right-color: var(--fill-color);\n",
              "    }\n",
              "    80% {\n",
              "      border-color: transparent;\n",
              "      border-right-color: var(--fill-color);\n",
              "      border-bottom-color: var(--fill-color);\n",
              "    }\n",
              "    90% {\n",
              "      border-color: transparent;\n",
              "      border-bottom-color: var(--fill-color);\n",
              "    }\n",
              "  }\n",
              "</style>\n",
              "\n",
              "  <script>\n",
              "    async function quickchart(key) {\n",
              "      const quickchartButtonEl =\n",
              "        document.querySelector('#' + key + ' button');\n",
              "      quickchartButtonEl.disabled = true;  // To prevent multiple clicks.\n",
              "      quickchartButtonEl.classList.add('colab-df-spinner');\n",
              "      try {\n",
              "        const charts = await google.colab.kernel.invokeFunction(\n",
              "            'suggestCharts', [key], {});\n",
              "      } catch (error) {\n",
              "        console.error('Error during call to suggestCharts:', error);\n",
              "      }\n",
              "      quickchartButtonEl.classList.remove('colab-df-spinner');\n",
              "      quickchartButtonEl.classList.add('colab-df-quickchart-complete');\n",
              "    }\n",
              "    (() => {\n",
              "      let quickchartButtonEl =\n",
              "        document.querySelector('#df-3651a8ee-e490-4238-8e2c-c95d40fe794e button');\n",
              "      quickchartButtonEl.style.display =\n",
              "        google.colab.kernel.accessAllowed ? 'block' : 'none';\n",
              "    })();\n",
              "  </script>\n",
              "</div>\n",
              "\n",
              "  <div id=\"id_ef8e3bbf-819f-400d-9081-1aeeef3aaf01\">\n",
              "    <style>\n",
              "      .colab-df-generate {\n",
              "        background-color: #E8F0FE;\n",
              "        border: none;\n",
              "        border-radius: 50%;\n",
              "        cursor: pointer;\n",
              "        display: none;\n",
              "        fill: #1967D2;\n",
              "        height: 32px;\n",
              "        padding: 0 0 0 0;\n",
              "        width: 32px;\n",
              "      }\n",
              "\n",
              "      .colab-df-generate:hover {\n",
              "        background-color: #E2EBFA;\n",
